pckSizBA = [50 100 150 200 250 300 350 400 450 500 550 600 650 700 800 900 ...
    1000 1150 1350 1500 2000]';
%           1       2       3       4       5
thrBA = [2.73595 2.94828 2.97702 2.83879 3.01358;... % 50
         3.32318 3.85597 3.98135 3.54313 3.8167 ;... % 100
         3.72351 4.0651  4.1731  4.11699 4.15308;... % 150
         4.03993 4.2683  4.34511 4.14544 4.3087 ;... % 200
         4.01795 4.61313 4.56198 4.2999  4.39721;... % 250
         3.98115 4.60296 4.63849 4.50331 4.58159;... % 300
         4.13934 4.6531  4.81707 4.39566 4.56062;... % 350
         4.45114 4.80924 4.7213  4.54212 4.51667;... % 400
         4.05669 4.74829 4.83068 4.66178 4.76117;... % 450
         4.19597 4.71173 4.71865 4.55767 4.67476;... % 500
         4.29827 4.84864 4.90158 4.51877 4.60651;... % 550
         4.49151 4.81327 4.70873 4.82251 4.85038;... % 600
         4.50202 4.77767 4.82019 4.60555 4.76718;... % 650
         4.24348 4.61438 4.85724 4.54022 4.70652;... % 700
         4.18217 4.90414 4.82487 4.6205  4.74179;... % 800
         4.48864 4.72862 4.93058 4.50714 4.83585;... % 900
         4.39117 4.90253 4.71984 4.87976 4.99674;... % 1000
         4.29637 4.64587 4.88516 4.36645 4.58158;... % 1150
         4.12269 4.85881 5.01013 4.30886 4.63283;... % 1350
         4.48788 4.88108 4.83597 4.59483 4.66798;... % 1500
         4.38234 4.81329 5.26397 4.62366 4.9082];    % 2000
     
     