offeData = 1:11;
thr = [1.81333 2.10667 1.89333 2.15111 1.93788 ;...
       3.9255  3.90741 4.03045 4.3834  3.98385 ;...
       5.61595 5.99769 5.92619 6.30481 6.49362 ;...
       7.83582 7.66372 8.17264 8.31941 7.64676 ;...
       10.0238 9.91897 9.53575 10.2559 9.59894 ;...
       12.0078 12.1224 11.7634 12.255  11.9506 ;...
       14.1902 14.2719 13.3995 14.5027 13.639  ;...
       15.9675 16.3119 16.2945 16.4866 15.4784 ;...
       18.4303 18.2711 18.495  18.3919 17.6613 ;...
       19.8463 20.0639 19.7679 20.7671 19.798  ;...
       22.192  22.0231 21.8633 22.486  20.9678 ];